2.0052831689345
1.9979716330096
1.9640784951279
2.1693897963209
2.1725572077655
2.1277511132710
2.1874156808228
2.2105907232953
2.2493179304685
2.0989376581401
2.0230255500376
2.1613902260950
2.2109541957506
2.1084146041089
2.0997257654682
2.0625235610848
2.1180378574040
2.1087536508520
2.0800410008663
2.1539409300467
2.1625876416318
2.1951224516038
2.1387520686285
2.0907018454697
2.0883157129234
2.1389886064190
0.3711867129401
0.5774609568551
0.3190243094446
1.8559335647005
1.8959555021209
1.5951215472230
2.2903704935256
2.3065923993795
2.5908176852870
1.7021261882631
0.4362888790477
1.6196414264468
1.6274544444169
25.0000000000000
25.0000000000000
25.0000000000000
16.0000000000000
16.0000000000000
16.0000000000000
12.0000000000000
12.0000000000000
12.0000000000000
12.0000000000000
18.0000000000000
14.0000000000000
12.0000000000000
0.2122170720810
0.2120215919071
0.2116173574268
0.0864252846497
0.0694978068918
0.0655908199082
0.1703608072871
0.1363558378136
0.1214184223136
0.2668547086153
0.2401508298230
0.0732761779047
0.0476485557910
2.2115913736446
2.2034710434547
2.1657207882222
2.3882371314098
2.3915030918288
2.3416905783162
2.4096269303723
2.4344710114370
2.4764551018652
2.3148302058589
2.2323115780357
2.3798117796031
2.4340430666232
5.2531041069722
5.7459696967787
0.8198307629092
0.8198307629092
0.8198307629092
0.8198307629092
0.8198307629092
0.8198307629092
0.8198307629092
0.8017356746618
0.2058430238630
0.0281445170329
0.0114137844729
0.0056809534927
0.0019480037300
0.8327897607413
0.8327897607413
0.8327897607413
0.8327897607413
0.8327897607413
0.8327897607413
0.8079253447587
0.3275667028227
0.0423564390183
0.0182406391521
0.0093835415261
0.0053863116798
0.0021721653018
0.8185960253654
0.8185960253654
0.8185960253654
0.8185960253654
0.8185960253654
0.8185679853233
0.6179280617376
0.0486923716456
0.0171239642554
0.0078899818255
0.0042261673527
0.0024915374605
0.0010383783619
0.5021180516005
0.5021180516005
0.5021180516005
0.5021180516005
0.4348254130148
0.0239496471304
0.0059632323953
0.0023397444802
0.0011419741978
0.0006334888171
0.0003822586871
0.0002448043033
0.0001135364866
0.9041768619949
0.9041768619949
0.9041768619949
0.9041768619949
0.9041768619949
0.9041768619949
0.9041768619949
0.8842201089072
0.2270206337703
0.0310400905217
0.0125880612135
0.0062654232246
0.0021484188926
0.9184455338411
0.9184455338411
0.9184455338411
0.9184455338411
0.9184455338411
0.9184455338411
0.8910237127678
0.3612582543940
0.0467129689625
0.0201167621811
0.0103486764758
0.0059403154787
0.0023955812310
0.9026372589933
0.9026372589933
0.9026372589933
0.9026372589933
0.9026372589933
0.9026063402178
0.6813677010622
0.0536913783040
0.0188819975661
0.0087000075102
0.0046600471992
0.0027473313751
0.0011449835687
0.5540631654937
0.5540631654937
0.5540631654937
0.5540631654937
0.4798089692337
0.0264272858926
0.0065801406800
0.0025817957132
0.0012601137062
0.0006990244987
0.0004218041107
0.0002701297967
0.0001252820626
