1.989048896
2.005053428
2.012442842
2.165405946
2.208212387
2.246909218
2.271024354
2.351099106
2.400657085
2.205104382
2.321230426
2.340974403
2.350424501
2.337643933
2.358799058
2.379398941
2.413163404
2.443529887
2.476983622
2.398587277
0.304172879
0.351527353
0.393912859
1.520864393
1.757636764
1.969564296
1.972361808
2.444300069
2.683071788
1.545947927
20
20
20
10
10
10
2
2
2
2
0.231414772
0.231586863
0.23142766
0.094916938
0.075901142
0.070547951
0.267422249
0.189975043
0.150971891
0.337518421
2.193264761
2.211045231
2.218954889
2.383592579
2.43014214
2.472177602
2.500741714
2.587145608
2.640829499
2.429766046
1.47086915
1.607598172
0.787822542
0.787822542
0.787822542
0.787822542
0.787822542
0.787822542
0.787822542
0.787822542
0.787822542
0.787104537
0.246251456
0.023143626
0.003837892
0.835290364
0.835290364
0.835290364
0.835290364
0.835290364
0.835290364
0.8352791
0.701109932
0.073278693
0.021109751
0.009626672
0.005107153
0.001863888
0.865301584
0.865301584
0.865301584
0.865301584
0.865301584
0.865301584
0.739305061
0.05597648
0.017579822
0.007833501
0.004096509
0.002369291
0.000957657
0.868708367
0.868708367
0.868708367
0.868708367
0.868708367
0.868708367
0.868708367
0.868708367
0.868708367
0.867916645
0.27153412
0.025519784
0.004231929
0.921105019
0.921105019
0.921105019
0.921105019
0.921105019
0.921105019
0.921092598
0.773139384
0.080807076
0.023278489
0.010615681
0.005631843
0.002055377
0.954096753
0.954096753
0.954096753
0.954096753
0.954096753
0.954096753
0.81517077
0.061720652
0.019383821
0.008637356
0.004516883
0.002612422
0.001055929
