 0.000000000000000 
29.537837600708013 
66.485134601593032 
96.502542979051469 
122.373364840566694 
146.968261869736210 
169.378010858357612 
204.778185644672703 
237.002760798424845 
266.321642131149815 
293.421493225593679 
319.863806880534185 
346.110575851853866 
371.890733505315893 
396.954161163851040 
421.730788145671966 
445.965615599099351 
469.830180871121115 
493.554750138060740 
516.429749156593630 
538.810175550489021 
561.201847232587625 
583.544648240467836 
606.112496035697859 
629.002097140331330 
655.285302351140103 
681.155663824875091 
707.651141856213485 
731.575992738119226 
754.717871249586892 
778.688402734246324 
803.578356532464340 
829.308853669754171 
856.329264803708270 
884.371515762778699 
914.431962943454209 
946.535383525103157 
979.983615707801050 
1011.871426803767463 
1047.002964771066218 
1084.716554953374498 
1123.755695388183085 
1143.949677323990045 
1164.571465575348611 
1185.528997500438436 
1207.020189990957988 
1236.116979095236047 
1264.254688840145946 
1290.859876897381355 
1318.585698552604299 
1348.956980569275402 
1381.993330561170524 
1417.341742117756667 
1455.451466752964961 
1490.233300776768601 
1526.097815461854907 
1559.976632685265713 
1590.636586825846507 
1618.358408815530538 
1650.129429183183902 
1680.283933041620685 
1707.677910388137207 
1748.849192772487186 
1780.308615660611622 
1822.461029277665602 
1848.260105037876656 
1879.282563609733870 
1916.288939523504041 
1937.425748996845414 
1973.993054143329346 
1996.670310952096997 
2017.298543949606028 
2052.508178046571629 
2075.454953243276123 
2112.435450274017512 
2133.614612889016826 
2158.294240849491416 
2188.639156260701384 
2221.177588650761663 
2261.967882406539502 
2299.544215114265171 
2333.337480931772916 
2355.536845268903562 
2377.427295041939942 
2417.223412237963203 
2440.125844921454700 
2460.964502474050278 
2486.621772840445374 
2512.852611196115959 
2536.611567181797454 
2565.707802159318362 
2592.192353362177982 
2617.709496348641096 
2650.811849644620906 
2676.040767825515104 
2706.458373484749700 
2729.677944206451230 
2754.721941331985818 
2780.824567275361460 
2812.901628234172222 
2853.038616760312834 
2873.840160456821195 
2894.664215639089889 
2925.900298412492702 
2946.030398497558963 
2967.853121171131988 
2994.802112124102223 
3030.134726122423217 
3077.785432101934930 
3137.463924097814015 
3207.642305593073615 
3286.975773569931334 
3374.655561550375751 
3469.949974539255891 
3497.504185822841464 
3533.002552548402946 
3558.868015425242447 
3597.666209740501927 
3637.148704457849817 
3672.837039450601878 
3699.566903635929975 
3748.410789413680959 
3774.943901807168004 
3802.585538004480895 
3842.414245392495559 
3896.794191725993642 
3969.563467668838712 
4060.704195397882359 
4168.308421371959412 
4290.757579396509755 
4361.325363635670328 
4427.422028966711878 
4517.460494749333520 
4630.982982892283871 
4698.177390827197996 
4754.372550261671677 
4807.161126735974904 
4886.081970478130643 
4992.141978606788143 
5073.551722564108786 
5130.032105371374200 
5176.955746997062306 
5226.380353895621738 
5292.256605008007682 
5377.046020048542232 
5492.247597864915406 
5638.402926102712627 
5806.533328435864860 
5913.028418319935554 
5972.010663591583580 
6008.834795721938463 
6036.442564302516075 
6065.476264667921896 
6101.926000965124331 
6121.954324633353281 
6143.327845751220593 
6166.005572506755016 
6205.812292835368680 
6228.906173333123661 
6265.153648508869082 
6288.809834567632606 
6328.197222119782964 
6351.725011039105993 
6373.426167018997148 
6401.618213086503602 
6427.657173641726331 
6458.749772676460452 
6489.781564933588925 
6520.858525048134652 
6556.042532597081845 
6589.208303306114431 
6627.691218711337569 
6679.657566053781920 
6745.291450225849076 
6823.936116327680793 
6881.670066446115925 
6941.763483081928825 
6996.548948947380268 
7045.689506347077440 
7081.940277405303277 
7127.031757199944877 
7180.420242085835525 
7226.409771305889990 
7295.394065135971687 
7333.330864907474279 
7371.505666205343005 
7415.470779716388279 
7464.966887784382379 
7510.647429001453929 
7553.174952127778852 
7600.394866480895871 
7643.531205200549266 
7691.213019316531245 
7735.226010075601152 
7783.088028489663884 
7827.167251375199157 
7876.749732664741714 
7922.296977075428003 
7965.121537229055320 
8015.175658702280089 
8062.478924586363064 
8107.752335126990147 
8153.620332492004309 
8199.314737197077193 
8243.174138229165692 
8288.219450265383784 
8332.158569240993529 
8379.070721471191064 
8426.343683872280963 
8477.261518224499014 
8531.411804509109061 
8591.902888762169823 
8659.854309639604253 
8709.292414206545800 
8754.506921602176590 
8808.949262996593461 
8872.675222723893967 
8906.547193131134918 
8938.595745601021918 
8986.668574305851507 
9051.434135979417988 
9129.730419130832161 
9224.652387437314246 
9327.543799401211800 
9416.746016843975667 
9502.112512315572530 
9625.819718979839308 
9788.414014526537358 
9977.104103786290580 
10173.912623467329468 
10380.402741957890612 
10592.538448403820439 
10802.519378202683583 
11007.526958578142512 
11186.019657198152345 
11343.700124064374904 
11527.681698382892137 
11720.751439927769752 
11920.644221680922783 
11972.864264995268968 
11997.252650068496223 
12017.385491998657017 
12048.858159979223274 
12077.183561161733451 
12098.427612048615629 
12127.189201492863504 
12165.433991680640247 
12199.854302849640590 
12228.894648175348266 
12266.708782453344611 
12288.369612960641462 
12310.519559360020139 
12349.873495570383966 
12385.292038159712320 
12405.735219371519634 
12430.661162041005809 
12474.937507572327377 
12499.448849906619216 
12528.279135024176867 
12566.585824611633143 
12596.883217318250900 
12617.139887238356096 
12646.486043803099165 
12672.897584711367017 
12699.615614087555514 
12727.553269897351129 
12765.878926440247596 
12789.432145651466271 
12814.311283492472285 
12859.068434889470154 
12899.349871146769146 
12940.897508281424962 
12978.314721963093689 
13034.440542485595870 
13118.629273269349142 
13236.125691377830663 
13388.951880161128429 
13570.375480948012409 
13771.432494122051139 
13985.039539144727314 
14197.823406197931035 
14405.923540089124799 
14609.393383397642538 
14738.111235813907115 
14920.887929682010508 
15064.570866544996534 
15248.205543991571176 
15446.025284918010584 
15653.388431210318231 
15869.902155005140230 
15995.525155441187962 
16113.405325720621477 
16287.007933987142678 
16461.754922732445266 
16506.689925327045785 
16547.427234931954445 
16582.289231008122442 
16604.801509082535631 
16635.025597287640267 
16656.500607328107435 
16688.713122388810007 
16712.982910048664053 
16737.942934151538793 
16760.406955844122422 
16794.102988382997864 
16819.114313035905070 
16847.562769842257694 
16873.166380967973964 
16899.570104941369209 
16925.540187941245676 
16958.878484835619020 
16987.563643412151578 
17008.550486489373725 
17032.597327652270906 
17072.690413286254625 
17097.279011858019658 
17122.058640959119657 
17150.171638617306598 
17171.242306364201795 
17196.563329506781884 
17219.660245637580374 
17244.537622149837262 
17284.630978587229038 
17306.888463345298078 
17340.714082458325720 
17382.749489800087758 
17404.902802384232928 
17432.783077915715694 
17468.370821102351329 
17497.215074166659178 
17519.671429640566203 
17546.019947288667026 
17568.723849840247567 
17596.555386430303770 
17617.436185189799289 
17642.838394758451614 
17662.881027899220499 
17690.332124226246378 
17721.999801343077706 
17742.965827510179224 
17769.640252024135407 
17794.085178669287416 
17818.957753832411981 
17846.273410566398525 
17870.857501626986050 
17896.365504180168500 
17919.542037140159664 
17946.083311091846554 
17969.970457648367301 
17994.811581137735629 
18017.080529264072538 
18042.677312959160190 
18064.625830596469314 
18085.431788464404235 
18107.179958378270385 
18140.912391209632915 
18161.930291666096309 
18193.457142350791401 
18219.775353872573760 
18246.897439345284511 
18271.307316270726005 
18297.755220191847911 
18323.483683075686713 
18359.039095568929042 
18379.152148441346071 
18399.758576983986131 
18425.971218284310453 
18461.952645660039707 
18497.910673903723364 
18527.907031272821769 
18571.276657216421881 
18595.218203434003954 
18621.082177318410686 
18667.547521334035991 
18694.477509238979110 
18718.722343740046199 
18745.097879945147724 
18781.210805970400543 
18830.001494378138887 
18901.611089523295959 
18944.029690739014768 
18980.496116821817850 
19003.138751352773397 
19023.990444613711588 
19044.565862542989635 
19082.655606803105911 
19110.124591174258967 
19144.978386130860599 
19191.367498259860440 
19258.838016782225168 
19360.043794565775897 
19423.737697952376038 
19460.173446806344145 
19500.037908955331659 
19535.993175686071481 
19568.102422021009261 
19611.203658722370164 
19650.096494160145085 
19687.946531008681632 
19715.738288890555850 
19757.425925713367178 
19815.438988738427724 
19890.797091483585973 
19994.105481432678062 
20000.000000000000000 
